MIZ       -3857244.9731   3108782.9179   4003899.1695   2108.00   2108.00   0.00   0.00   0.00   0.0000   0.0000   0.0000   0.0000
IRK       -3521719.8813   4132174.6817   3336994.1132   2108.00   2108.00   0.00   0.00   0.00   0.0000   0.0000   0.0000   0.0000
OGA       -4491068.3826   3481545.2394   2887399.8018   2108.00   2108.00   0.00   0.00   0.00   0.0000   0.0000   0.0000   0.0000
ISG       -3263995.2619   4808056.3902   2619948.6347   2108.00   2108.00   0.00   0.00   0.00   0.0000   0.0000   0.0000   0.0000
KYS       -3042281.0290   4045902.6673   3867374.3313   1122.00   1122.00   0.00   0.00   0.00   0.0000   0.0000   0.0000   0.0000
KUS       -3287268.8514   4023450.0317   3687379.9071   1122.00   1122.00   0.00   0.00   0.00   0.0000   0.0000   0.0000   0.0000
KTN       -3171731.6818   4292678.5318   3481038.7880   1122.00   1122.00   0.00   0.00   0.00   0.0000   0.0000   0.0000   0.0000
KPC       -3149228.7545   3966414.5854   3864840.1879   1122.00   1122.00   0.00   0.00   0.00   0.0000   0.0000   0.0000   0.0000
KSJ       -3110079.9600   4082066.7340   3775076.8320   1037.00   1037.00   0.00   0.00   0.00   0.0000   0.0000   0.0000   0.0000
TIA       -2826708.6380   4679237.0440   3274667.5330    100.00    100.00   0.00   0.00   0.00   0.0000   0.0000   0.0000   0.0000
TAK       -3961882.0160   3243372.5190   3790687.4570    458.00    458.00   0.00   0.00   0.00   0.0000   0.0000   0.0000   0.0000
NSRT       228310.1700    4631922.7550   4367064.0740    364.00    364.00   0.00   0.00   0.00   0.0000   0.0000   0.0000   0.0000